
.. DO NOT EDIT.
.. THIS FILE WAS AUTOMATICALLY GENERATED BY SPHINX-GALLERY.
.. TO MAKE CHANGES, EDIT THE SOURCE PYTHON FILE:
.. "gallery/ms_plotly/plot_peakmap_3D_ms_plotly.py"
.. LINE NUMBERS ARE GIVEN BELOW.

.. only:: html

    .. note::
        :class: sphx-glr-download-link-note

        :ref:`Go to the end <sphx_glr_download_gallery_ms_plotly_plot_peakmap_3D_ms_plotly.py>`
        to download the full example code or to run this example in your browser via Binder.

.. rst-class:: sphx-glr-example-title

.. _sphx_glr_gallery_ms_plotly_plot_peakmap_3D_ms_plotly.py:


Extracted PeakMap 3D ms_plotly
==================================

This shows a peakmap across m/z and retention time, plotted in 3D.

.. GENERATED FROM PYTHON SOURCE LINES 7-26





.. raw:: html

    <div class="output_subarea output_html rendered_html output_result">
    <div>            <script src="https://cdnjs.cloudflare.com/ajax/libs/mathjax/2.7.5/MathJax.js?config=TeX-AMS-MML_SVG"></script><script type="text/javascript">if (window.MathJax && window.MathJax.Hub && window.MathJax.Hub.Config) {window.MathJax.Hub.Config({SVG: {font: "STIX-Web"}});}</script>                <script type="text/javascript">window.PlotlyConfig = {MathJaxConfig: 'local'};</script>
            <script charset="utf-8" src="https://cdn.plot.ly/plotly-2.35.2.min.js"></script>                <div id="187c5087-83c9-4c31-934c-6ac6c0a7e763" class="plotly-graph-div" style="height:500px; width:500px;"></div>            <script type="text/javascript">                                    window.PLOTLYENV=window.PLOTLYENV || {};                                    if (document.getElementById("187c5087-83c9-4c31-934c-6ac6c0a7e763")) {                    Plotly.newPlot(                        "187c5087-83c9-4c31-934c-6ac6c0a7e763",                        [{"line":{"cmax":289057.336608,"cmin":8.999583,"color":[0,8.999583,0,0,11.000127,0,0,22.001259,0,0,23.999842,0,0,25.99828,0,0,26.00163,0,0,28.999155,0,0,30.998411,0,0,32.00139,0,0,36.000504,0,0,37.999737,0,0,38.998554,0,0,40.99771,0,0,41.001484,0,0,42.00202,0,0,42.00263,0,0,49.999344,0,0,55.001625,0,0,56.998428000000004,0,0,57.002556,0,0,57.999414,0,0,58.997746,0,0,59.000267,0,0,60.001003,0,0,60.00171,0,0,60.999023,0,0,62.998007,0,0,64.99803,0,0,65.00193,0,0,65.997345,0,0,65.99918,0,0,67.99574,0,0,68.00132,0,0,68.00152,0,0,68.00239,0,0,70.99778,0,0,73.003874,0,0,73.996025,0,0,74.001711,0,0,75.00328,0,0,76.001863,0,0,79.000946,0,0,79.99929,0,0,81.999596,0,0,82.99887,0,0,82.99887,0,0,84.003914,0,0,84.004074,0,0,84.99860699999999,0,0,87.99732,0,0,87.99875200000001,0,0,88.001757,0,0,88.002396,0,0,88.004456,0,0,88.99716,0,0,89.003525,0,0,89.003952,0,0,92.99491,0,0,92.995125,0,0,96.996807,0,0,97.00087,0,0,97.00903,0,0,98.9972,0,0,98.999344,0,0,100.999724,0,0,103.002422,0,0,109.001275,0,0,110.005516,0,0,111.003466,0,0,112.01181500000001,0,0,114.998413,0,0,117.001956,0,0,117.00522600000001,0,0,117.998564,0,0,119.0002,0,0,119.00048000000001,0,0,120.001686,0,0,120.99551,0,0,121.003897,0,0,123.004636,0,0,125.00569100000001,0,0,127.002604,0,0,131.002764,0,0,134.00089,0,0,136.995823,0,0,138.00032099999999,0,0,138.999315,0,0,144.000596,0,0,144.999588,0,0,152.00263,0,0,155.00109600000002,0,0,158.001025,0,0,158.00370900000001,0,0,160.99348,0,0,161.000603,0,0,162.00037,0,0,162.00278500000002,0,0,163.999126,0,0,165.9946,0,0,166.99774399999998,0,0,168.003994,0,0,171.99896,0,0,177.001326,0,0,181.000347,0,0,181.002799,0,0,186.99178,0,0,187.99192,0,0,189.99449900000002,0,0,190.995641,0,0,194.00509,0,0,195.99969099999998,0,0,196.00203800000003,0,0,198.004774,0,0,198.989396,0,0,198.996863,0,0,200.00205499999998,0,0,201.007858,0,0,202.99214,0,0,203.008889,0,0,203.996865,0,0,204.999778,0,0,206.000675,0,0,206.997115,0,0,209.004251,0,0,211.009319,0,0,213.99849,0,0,214.996566,0,0,215.995886,0,0,216.995163,0,0,220.99650300000002,0,0,222.001376,0,0,222.004947,0,0,224.001026,0,0,224.003218,0,0,224.998022,0,0,227.006777,0,0,229.01174,0,0,230.0009175,0,0,234.004058,0,0,237.00255,0,0,240.006781,0,0,244.002682,0,0,248.000626,0,0,249.011886,0,0,258.00100000000003,0,0,261.003825,0,0,262.00251000000003,0,0,264.998865,0,0,266.994446,0,0,267.003126,0,0,270.995072,0,0,271.995715,0,0,271.998562,0,0,272.994847,0,0,273.00370300000003,0,0,273.98933999999997,0,0,274.00102400000003,0,0,274.005225,0,0,274.993354,0,0,275.009789,0,0,277.00916,0,0,278.99779,0,0,279.011098,0,0,280.005565,0,0,284.990482,0,0,286.99668699999995,0,0,290.99678700000004,0,0,291.01389,0,0,292.99003700000003,0,0,293.99730999999997,0,0,293.999024,0,0,293.999255,0,0,298.00721,0,0,301.00968,0,0,304.994314,0,0,313.008186,0,0,317.995862,0,0,318.002456,0,0,319.996806,0,0,319.998106,0,0,322.9976,0,0,327.0031,0,0,328.00415,0,0,328.986519,0,0,331.000401,0,0,333.004622,0,0,335.01062,0,0,336.002383,0,0,345.99546000000004,0,0,346.00445,0,0,346.99914,0,0,351.011711,0,0,352.989131,0,0,355.013202,0,0,356.99280999999996,0,0,365.98996,0,0,366.992145,0,0,368.990875,0,0,370.992804,0,0,372.01178500000003,0,0,372.994854,0,0,374.001174,0,0,374.997614,0,0,376.99035000000003,0,0,376.995608,0,0,378.998074,0,0,379.008655,0,0,379.996039,0,0,382.006764,0,0,384.01018,0,0,387.000511,0,0,388.003164,0,0,388.99215000000004,0,0,393.015105,0,0,394.00709,0,0,397.99105,0,0,399.992443,0,0,399.99457,0,0,402.007464,0,0,402.009317,0,0,406.9924935,0,0,419.988083,0,0,420.993063,0,0,420.99517,0,0,422.998226,0,0,428.00022,0,0,436.004676,0,0,437.99809999999997,0,0,438.98312,0,0,449.995475,0,0,455.991234,0,0,456.00439200000005,0,0,462.982507,0,0,464.013424,0,0,470.98924400000004,0,0,473.021382,0,0,474.99087199999997,0,0,476.00678,0,0,478.004685,0,0,482.013607,0,0,486.99307500000003,0,0,492.008408,0,0,496.99725,0,0,502.98676,0,0,502.99345,0,0,502.99534,0,0,510.003061,0,0,511.999303,0,0,512.0008760000001,0,0,512.001217,0,0,514.980519,0,0,518.998783,0,0,523.00985,0,0,527.010624,0,0,529.007036,0,0,531.004604,0,0,534.0002380000001,0,0,534.009449,0,0,538.995237,0,0,540.005912,0,0,543.998396,0,0,547.99952,0,0,548.993754,0,0,551.012622,0,0,551.99395,0,0,554.999818,0,0,555.019796,0,0,557.979005,0,0,561.012172,0,0,564.9895899999999,0,0,565.989821,0,0,572.00804,0,0,574.009678,0,0,577.007513,0,0,577.013306,0,0,580.008388,0,0,589.994012,0,0,591.995216,0,0,593.004443,0,0,595.986504,0,0,598.009011,0,0,599.992245,0,0,607.006224,0,0,618.00019,0,0,620.99078,0,0,622.006487,0,0,623.9994780000001,0,0,625.99171,0,0,626.004868,0,0,644.983135,0,0,647.99135,0,0,650.995223,0,0,652.000173,0,0,653.016485,0,0,659.001014,0,0,659.9703489999999,0,0,659.983391,0,0,660.992878,0,0,663.997352,0,0,665.000959,0,0,666.001275,0,0,669.001051,0,0,669.001707,0,0,671.977288,0,0,675.986189,0,0,679.008808,0,0,685.0006529999999,0,0,690.9846210000001,0,0,702.9903830000001,0,0,708.99603,0,0,712.995311,0,0,713.022107,0,0,714.0027190000001,0,0,720.997374,0,0,726.002213,0,0,730.008676,0,0,734.99268,0,0,736.009844,0,0,737.995006,0,0,740.01051,0,0,746.019538,0,0,750.993322,0,0,758.996475,0,0,761.0044720000001,0,0,761.0095799999999,0,0,767.0071790000001,0,0,768.000169,0,0,768.988099,0,0,783.9866059999999,0,0,785.006886,0,0,800.0003869999999,0,0,806.98721,0,0,810.004986,0,0,816.9971390000001,0,0,817.002308,0,0,828.998809,0,0,829.006489,0,0,829.0178530000001,0,0,834.014467,0,0,850.995095,0,0,855.985671,0,0,861.0132100000001,0,0,861.9965139999999,0,0,868.996652,0,0,871.988963,0,0,881.002535,0,0,884.99423,0,0,916.9832680000001,0,0,925.027652,0,0,938.990732,0,0,939.986958,0,0,944.993993,0,0,951.02178,0,0,958.986722,0,0,964.9947520000001,0,0,970.003067,0,0,983.992835,0,0,986.99223,0,0,999.0092999999999,0,0,1007.005633,0,0,1008.00593,0,0,1009.991644,0,0,1016.01261,0,0,1031.997556,0,0,1038.004703,0,0,1040.9724310000001,0,0,1050.040025,0,0,1060.008437,0,0,1074.972759,0,0,1084.004383,0,0,1085.98913,0,0,1087.991285,0,0,1122.989346,0,0,1128.00275,0,0,1143.995373,0,0,1154.001298,0,0,1155.0016190000001,0,0,1157.99309,0,0,1165.969839,0,0,1166.036605,0,0,1183.974095,0,0,1189.987474,0,0,1195.00697,0,0,1195.983064,0,0,1207.998396,0,0,1229.000018,0,0,1240.981452,0,0,1269.004537,0,0,1282.017226,0,0,1300.998333,0,0,1332.988223,0,0,1336.990051,0,0,1348.973174,0,0,1350.9896840000001,0,0,1359.004031,0,0,1370.0073710000001,0,0,1374.977636,0,0,1392.999926,0,0,1413.010119,0,0,1436.994805,0,0,1443.006544,0,0,1477.0240629999998,0,0,1497.004315,0,0,1511.002426,0,0,1514.028023,0,0,1519.983533,0,0,1539.01422,0,0,1542.0096740000001,0,0,1695.001039,0,0,1724.99606,0,0,1729.019354,0,0,1732.005435,0,0,1735.00909,0,0,1747.945839,0,0,1784.99263,0,0,1803.046997,0,0,1812.980079,0,0,1827.0064459999999,0,0,1833.01324,0,0,1851.989943,0,0,1878.992132,0,0,1894.98374,0,0,1910.9954910000001,0,0,1949.984005,0,0,1962.985234,0,0,1966.969037,0,0,1975.002641,0,0,1984.992545,0,0,2026.023781,0,0,2026.97912,0,0,2069.973773,0,0,2159.9813839999997,0,0,2193.019896,0,0,2194.989389,0,0,2244.033278,0,0,2267.990264,0,0,2299.993203,0,0,2329.963983,0,0,2375.977737,0,0,2476.043002,0,0,2495.941847,0,0,2569.00397,0,0,2576.997267,0,0,2658.975438,0,0,2716.950749,0,0,2774.021319,0,0,2824.949014,0,0,2834.044636,0,0,2847.013452,0,0,2944.964462,0,0,2969.992385,0,0,2972.0400609999997,0,0,3031.044935,0,0,3134.937761,0,0,3148.019995,0,0,3506.1142259999997,0,0,3559.985286,0,0,3590.966062,0,0,3673.91113,0,0,3824.0086109999997,0,0,3861.054594,0,0,3862.061932,0,0,3995.973214,0,0,4025.946019,0,0,4118.941951,0,0,4175.976464,0,0,4335.96898,0,0,4336.217255,0,0,4354.89748,0,0,4395.051691,0,0,4540.069836,0,0,4694.95679,0,0,5098.041586,0,0,5456.967779,0,0,5824.786158,0,0,5964.01925,0,0,6054.127348,0,0,6181.056368,0,0,7121.865652,0,0,7349.124009,0,0,7371.071147,0,0,7776.02971,0,0,7867.851959,0,0,7973.97945,0,0,8971.710168,0,0,8989.062377,0,0,9205.165958,0,0,10354.010774999999,0,0,10763.625599,0,0,11010.07101,0,0,11802.816577,0,0,12875.116539,0,0,13385.933965,0,0,13442.994939,0,0,14269.073547,0,0,14362.958797000001,0,0,14679.053041000001,0,0,14985.984903,0,0,15759.894114,0,0,16931.870765,0,0,17272.37046,0,0,17371.8422,0,0,17453.033616,0,0,18823.998316,0,0,18829.072895,0,0,18911.755692,0,0,19402.34578,0,0,19821.084642,0,0,20236.161722,0,0,21688.000718,0,0,21982.846457,0,0,22437.985033,0,0,22785.908586,0,0,24235.900249,0,0,24483.700943,0,0,25066.240573,0,0,25267.142342,0,0,25623.08365,0,0,25726.853582,0,0,26440.726387,0,0,26905.981024,0,0,26938.900015,0,0,27351.031497,0,0,31533.075554,0,0,32192.697397,0,0,33119.771248,0,0,34403.21569,0,0,35930.414225,0,0,36872.471262,0,0,37874.196283,0,0,37953.586761,0,0,39098.25039,0,0,49165.075962,0,0,51671.133616,0,0,52253.73605,0,0,57423.48469,0,0,57952.392704,0,0,83167.035481,0,0,88065.881373,0,0,88594.69524,0,0,93945.459663,0,0,97807.24207400001,0,0,101207.522581,0,0,101395.516606,0,0,106163.612271,0,0,107256.86447,0,0,111865.196221,0,0,128317.354297,0,0,152889.486697,0,0,207381.64536,0,0,220144.75682,0,0,244413.265909,0,0,289057.336608,0],"colorscale":[[0.0,"#fcfdbf"],[0.1111111111111111,"#feca8d"],[0.2222222222222222,"#fd9668"],[0.3333333333333333,"#f1605d"],[0.4444444444444444,"#cd4071"],[0.5555555555555556,"#9e2f7f"],[0.6666666666666666,"#721f81"],[0.7777777777777778,"#440f76"],[0.8888888888888888,"#180f3d"],[1.0,"#000004"]],"width":5},"mode":"lines","name":"","showlegend":false,"x":[6225.11081679484,6225.11081679484,null,6225.11081679484,6225.11081679484,null,6264.71157343443,6264.71157343443,null,6226.89773809107,6226.89773809107,null,6230.47519995558,6230.47519995558,null,6226.79294987215,6226.79294987215,null,6228.68570364494,6228.68570364494,null,6235.84861018256,6235.84861018256,null,6225.11081679484,6225.11081679484,null,6235.73636055073,6235.73636055073,null,6264.71157343443,6264.71157343443,null,6232.26158460719,6232.26158460719,null,6264.71157343443,6264.71157343443,null,6234.0534788102,6234.0534788102,null,6230.47519995558,6230.47519995558,null,6235.84861018256,6235.84861018256,null,6234.0534788102,6234.0534788102,null,6232.26158460719,6232.26158460719,null,6235.84861018256,6235.84861018256,null,6257.45004012053,6257.45004012053,null,6228.58093243442,6228.58093243442,null,6266.51513569899,6266.51513569899,null,6264.71157343443,6264.71157343443,null,6235.84861018256,6235.84861018256,null,6230.47519995558,6230.47519995558,null,6230.47519995558,6230.47519995558,null,6257.45004012053,6257.45004012053,null,6226.89773809107,6226.89773809107,null,6230.47519995558,6230.47519995558,null,6225.11081679484,6225.11081679484,null,6234.0534788102,6234.0534788102,null,6230.47519995558,6230.47519995558,null,6250.22954838984,6250.22954838984,null,6225.11081679484,6225.11081679484,null,6234.0534788102,6234.0534788102,null,6226.89773809107,6226.89773809107,null,6232.1564362792,6232.1564362792,null,6235.84861018256,6235.84861018256,null,6255.64580924956,6255.64580924956,null,6233.94503700916,6233.94503700916,null,6228.68570364494,6228.68570364494,null,6234.0534788102,6234.0534788102,null,6226.89773809107,6226.89773809107,null,6232.26158460719,6232.26158460719,null,6228.68570364494,6228.68570364494,null,6228.68570364494,6228.68570364494,null,6228.68570364494,6228.68570364494,null,6226.89773809107,6226.89773809107,null,6228.68570364494,6228.68570364494,null,6235.84861018256,6235.84861018256,null,6266.51513569899,6266.51513569899,null,6228.68570364494,6228.68570364494,null,6225.11081679484,6225.11081679484,null,6235.73636055073,6235.73636055073,null,6253.83602161421,6253.83602161421,null,6228.68570364494,6228.68570364494,null,6262.90909501605,6262.90909501605,null,6234.0534788102,6234.0534788102,null,6250.22954838984,6250.22954838984,null,6226.89773809107,6226.89773809107,null,6225.11081679484,6225.11081679484,null,6230.47519995558,6230.47519995558,null,6235.84861018256,6235.84861018256,null,6266.51513569899,6266.51513569899,null,6257.45004012053,6257.45004012053,null,6255.64580924956,6255.64580924956,null,6266.51513569899,6266.51513569899,null,6232.26158460719,6232.26158460719,null,6261.10140645291,6261.10140645291,null,6261.10140645291,6261.10140645291,null,6257.45004012053,6257.45004012053,null,6234.0534788102,6234.0534788102,null,6266.51513569899,6266.51513569899,null,6266.51513569899,6266.51513569899,null,6235.84861018256,6235.84861018256,null,6235.84861018256,6235.84861018256,null,6226.89773809107,6226.89773809107,null,6264.71157343443,6264.71157343443,null,6253.83602161421,6253.83602161421,null,6234.0534788102,6234.0534788102,null,6261.10140645291,6261.10140645291,null,6234.0534788102,6234.0534788102,null,6262.90909501605,6262.90909501605,null,6232.26158460719,6232.26158460719,null,6232.26158460719,6232.26158460719,null,6253.83602161421,6253.83602161421,null,6235.84861018256,6235.84861018256,null,6230.47519995558,6230.47519995558,null,6228.68570364494,6228.68570364494,null,6225.11081679484,6225.11081679484,null,6234.0534788102,6234.0534788102,null,6235.84861018256,6235.84861018256,null,6266.51513569899,6266.51513569899,null,6248.42832918019,6248.42832918019,null,6228.68570364494,6228.68570364494,null,6225.11081679484,6225.11081679484,null,6235.84861018256,6235.84861018256,null,6257.45004012053,6257.45004012053,null,6234.0534788102,6234.0534788102,null,6266.51513569899,6266.51513569899,null,6255.64580924956,6255.64580924956,null,6235.84861018256,6235.84861018256,null,6255.64580924956,6255.64580924956,null,6230.47519995558,6230.47519995558,null,6266.51513569899,6266.51513569899,null,6234.0534788102,6234.0534788102,null,6252.03127198678,6252.03127198678,null,6234.0534788102,6234.0534788102,null,6259.2927545687,6259.2927545687,null,6262.90909501605,6262.90909501605,null,6264.71157343443,6264.71157343443,null,6250.22954838984,6250.22954838984,null,6228.68570364494,6228.68570364494,null,6235.84861018256,6235.84861018256,null,6230.47519995558,6230.47519995558,null,6234.0534788102,6234.0534788102,null,6262.90909501605,6262.90909501605,null,6250.22954838984,6250.22954838984,null,6264.58638509563,6264.58638509563,null,6253.83602161421,6253.83602161421,null,6248.42832918019,6248.42832918019,null,6228.68570364494,6228.68570364494,null,6234.0534788102,6234.0534788102,null,6250.22954838984,6250.22954838984,null,6261.10140645291,6261.10140645291,null,6237.64613563505,6237.64613563505,null,6266.51513569899,6266.51513569899,null,6255.64580924956,6255.64580924956,null,6266.51513569899,6266.51513569899,null,6250.22954838984,6250.22954838984,null,6250.22954838984,6250.22954838984,null,6234.0534788102,6234.0534788102,null,6230.47519995558,6230.47519995558,null,6253.83602161421,6253.83602161421,null,6262.90909501605,6262.90909501605,null,6230.47519995558,6230.47519995558,null,6225.00510572313,6225.00510572313,null,6230.47519995558,6230.47519995558,null,6255.64580924956,6255.64580924956,null,6230.36718893648,6230.36718893648,null,6234.0534788102,6234.0534788102,null,6233.94503700916,6233.94503700916,null,6252.03127198678,6252.03127198678,null,6230.47519995558,6230.47519995558,null,6232.26158460719,6232.26158460719,null,6253.83602161421,6253.83602161421,null,6230.36718893648,6230.36718893648,null,6252.03127198678,6252.03127198678,null,6252.03127198678,6252.03127198678,null,6264.71157343443,6264.71157343443,null,6234.0534788102,6234.0534788102,null,6266.39037990162,6266.39037990162,null,6266.51513569899,6266.51513569899,null,6228.68570364494,6228.68570364494,null,6225.11081679484,6225.11081679484,null,6257.45004012053,6257.45004012053,null,6259.2927545687,6259.2927545687,null,6253.83602161421,6253.83602161421,null,6264.71157343443,6264.71157343443,null,6257.45004012053,6257.45004012053,null,6262.90909501605,6262.90909501605,null,6262.90909501605,6262.90909501605,null,6262.90909501605,6262.90909501605,null,6235.84861018256,6235.84861018256,null,6232.26158460719,6232.26158460719,null,6233.94503700916,6233.94503700916,null,6260.96995080879,6260.96995080879,null,6234.0534788102,6234.0534788102,null,6248.42832918019,6248.42832918019,null,6257.45004012053,6257.45004012053,null,6262.90909501605,6262.90909501605,null,6261.10140645291,6261.10140645291,null,6257.45004012053,6257.45004012053,null,6228.68570364494,6228.68570364494,null,6266.51513569899,6266.51513569899,null,6262.90909501605,6262.90909501605,null,6264.71157343443,6264.71157343443,null,6262.90909501605,6262.90909501605,null,6266.51513569899,6266.51513569899,null,6259.2927545687,6259.2927545687,null,6232.26158460719,6232.26158460719,null,6230.36718893648,6230.36718893648,null,6255.64580924956,6255.64580924956,null,6262.77919124259,6262.77919124259,null,6261.10140645291,6261.10140645291,null,6230.47519995558,6230.47519995558,null,6226.89773809107,6226.89773809107,null,6266.51513569899,6266.51513569899,null,6262.90909501605,6262.90909501605,null,6259.2927545687,6259.2927545687,null,6266.51513569899,6266.51513569899,null,6264.71157343443,6264.71157343443,null,6260.96995080879,6260.96995080879,null,6261.10140645291,6261.10140645291,null,6232.26158460719,6232.26158460719,null,6230.47519995558,6230.47519995558,null,6232.26158460719,6232.26158460719,null,6257.45004012053,6257.45004012053,null,6235.84861018256,6235.84861018256,null,6253.83602161421,6253.83602161421,null,6237.64613563505,6237.64613563505,null,6266.51513569899,6266.51513569899,null,6252.03127198678,6252.03127198678,null,6253.83602161421,6253.83602161421,null,6235.84861018256,6235.84861018256,null,6237.64613563505,6237.64613563505,null,6253.83602161421,6253.83602161421,null,6253.83602161421,6253.83602161421,null,6255.64580924956,6255.64580924956,null,6255.64580924956,6255.64580924956,null,6252.03127198678,6252.03127198678,null,6259.2927545687,6259.2927545687,null,6266.51513569899,6266.51513569899,null,6253.71197694426,6253.71197694426,null,6261.10140645291,6261.10140645291,null,6235.73636055073,6235.73636055073,null,6264.58638509563,6264.58638509563,null,6235.84861018256,6235.84861018256,null,6255.64580924956,6255.64580924956,null,6257.45004012053,6257.45004012053,null,6255.51902593258,6255.51902593258,null,6234.0534788102,6234.0534788102,null,6264.71157343443,6264.71157343443,null,6255.64580924956,6255.64580924956,null,6253.83602161421,6253.83602161421,null,6262.90909501605,6262.90909501605,null,6253.83602161421,6253.83602161421,null,6266.51513569899,6266.51513569899,null,6253.83602161421,6253.83602161421,null,6259.2927545687,6259.2927545687,null,6232.26158460719,6232.26158460719,null,6261.10140645291,6261.10140645291,null,6253.83602161421,6253.83602161421,null,6264.71157343443,6264.71157343443,null,6226.89773809107,6226.89773809107,null,6261.10140645291,6261.10140645291,null,6255.64580924956,6255.64580924956,null,6260.96995080879,6260.96995080879,null,6262.90909501605,6262.90909501605,null,6253.83602161421,6253.83602161421,null,6232.26158460719,6232.26158460719,null,6235.84861018256,6235.84861018256,null,6252.03127198678,6252.03127198678,null,6261.10140645291,6261.10140645291,null,6259.2927545687,6259.2927545687,null,6257.45004012053,6257.45004012053,null,6255.64580924956,6255.64580924956,null,6235.84861018256,6235.84861018256,null,6250.22954838984,6250.22954838984,null,6262.90909501605,6262.90909501605,null,6261.10140645291,6261.10140645291,null,6252.03127198678,6252.03127198678,null,6261.10140645291,6261.10140645291,null,6248.42832918019,6248.42832918019,null,6266.51513569899,6266.51513569899,null,6257.45004012053,6257.45004012053,null,6259.2927545687,6259.2927545687,null,6262.90909501605,6262.90909501605,null,6264.71157343443,6264.71157343443,null,6250.22954838984,6250.22954838984,null,6250.22954838984,6250.22954838984,null,6252.03127198678,6252.03127198678,null,6262.90909501605,6262.90909501605,null,6264.71157343443,6264.71157343443,null,6266.51513569899,6266.51513569899,null,6262.77919124259,6262.77919124259,null,6261.10140645291,6261.10140645291,null,6251.9098395738,6251.9098395738,null,6252.03127198678,6252.03127198678,null,6232.1564362792,6232.1564362792,null,6250.22954838984,6250.22954838984,null,6235.84861018256,6235.84861018256,null,6255.64580924956,6255.64580924956,null,6261.10140645291,6261.10140645291,null,6243.03476926748,6243.03476926748,null,6253.83602161421,6253.83602161421,null,6253.83602161421,6253.83602161421,null,6264.71157343443,6264.71157343443,null,6262.90909501605,6262.90909501605,null,6259.2927545687,6259.2927545687,null,6255.64580924956,6255.64580924956,null,6266.51513569899,6266.51513569899,null,6264.71157343443,6264.71157343443,null,6253.83602161421,6253.83602161421,null,6257.45004012053,6257.45004012053,null,6257.45004012053,6257.45004012053,null,6252.03127198678,6252.03127198678,null,6259.2927545687,6259.2927545687,null,6257.45004012053,6257.45004012053,null,6266.39037990162,6266.39037990162,null,6257.45004012053,6257.45004012053,null,6250.22954838984,6250.22954838984,null,6248.42832918019,6248.42832918019,null,6250.1057072343,6250.1057072343,null,6252.03127198678,6252.03127198678,null,6261.10140645291,6261.10140645291,null,6266.39037990162,6266.39037990162,null,6259.2927545687,6259.2927545687,null,6261.10140645291,6261.10140645291,null,6243.03476926748,6243.03476926748,null,6261.10140645291,6261.10140645291,null,6253.83602161421,6253.83602161421,null,6259.2927545687,6259.2927545687,null,6237.64613563505,6237.64613563505,null,6237.64613563505,6237.64613563505,null,6250.22954838984,6250.22954838984,null,6257.45004012053,6257.45004012053,null,6261.10140645291,6261.10140645291,null,6251.9098395738,6251.9098395738,null,6262.90909501605,6262.90909501605,null,6259.2927545687,6259.2927545687,null,6262.90909501605,6262.90909501605,null,6252.03127198678,6252.03127198678,null,6266.51513569899,6266.51513569899,null,6250.22954838984,6250.22954838984,null,6264.71157343443,6264.71157343443,null,6248.30696890632,6248.30696890632,null,6255.64580924956,6255.64580924956,null,6257.45004012053,6257.45004012053,null,6252.03127198678,6252.03127198678,null,6262.90909501605,6262.90909501605,null,6255.64580924956,6255.64580924956,null,6237.64613563505,6237.64613563505,null,6246.62867474413,6246.62867474413,null,6250.22954838984,6250.22954838984,null,6253.83602161421,6253.83602161421,null,6255.64580924956,6255.64580924956,null,6255.51902593258,6255.51902593258,null,6261.10140645291,6261.10140645291,null,6237.64613563505,6237.64613563505,null,6248.42832918019,6248.42832918019,null,6262.77919124259,6262.77919124259,null,6248.42832918019,6248.42832918019,null,6257.32368641249,6257.32368641249,null,6250.22954838984,6250.22954838984,null,6264.71157343443,6264.71157343443,null,6259.12679414199,6259.12679414199,null,6253.71197694426,6253.71197694426,null,6255.64580924956,6255.64580924956,null,6241.24574655304,6241.24574655304,null,6252.03127198678,6252.03127198678,null,6250.22954838984,6250.22954838984,null,6259.2927545687,6259.2927545687,null,6255.51902593258,6255.51902593258,null,6257.45004012053,6257.45004012053,null,6252.03127198678,6252.03127198678,null,6257.45004012053,6257.45004012053,null,6246.62867474413,6246.62867474413,null,6246.62867474413,6246.62867474413,null,6252.03127198678,6252.03127198678,null,6259.12679414199,6259.12679414199,null,6257.45004012053,6257.45004012053,null,6232.1564362792,6232.1564362792,null,6250.22954838984,6250.22954838984,null,6262.90909501605,6262.90909501605,null,6257.32368641249,6257.32368641249,null,6237.64613563505,6237.64613563505,null,6237.64613563505,6237.64613563505,null,6248.42832918019,6248.42832918019,null,6252.03127198678,6252.03127198678,null,6250.1057072343,6250.1057072343,null,6253.83602161421,6253.83602161421,null,6248.42832918019,6248.42832918019,null,6252.03127198678,6252.03127198678,null,6250.22954838984,6250.22954838984,null,6255.64580924956,6255.64580924956,null,6239.43720522349,6239.43720522349,null,6253.71197694426,6253.71197694426,null,6261.10140645291,6261.10140645291,null,6248.42832918019,6248.42832918019,null,6237.52955912273,6237.52955912273,null,6237.64613563505,6237.64613563505,null,6239.43720522349,6239.43720522349,null,6237.64613563505,6237.64613563505,null,6253.83602161421,6253.83602161421,null,6264.58638509563,6264.58638509563,null,6248.42832918019,6248.42832918019,null,6237.64613563505,6237.64613563505,null,6246.62867474413,6246.62867474413,null,6246.62867474413,6246.62867474413,null,6248.42832918019,6248.42832918019,null,6237.64613563505,6237.64613563505,null,6255.64580924956,6255.64580924956,null,6244.82797253146,6244.82797253146,null,6246.62867474413,6246.62867474413,null,6255.64580924956,6255.64580924956,null,6259.2927545687,6259.2927545687,null,6252.03127198678,6252.03127198678,null,6237.64613563505,6237.64613563505,null,6259.2927545687,6259.2927545687,null,6248.42832918019,6248.42832918019,null,6257.32368641249,6257.32368641249,null,6259.12679414199,6259.12679414199,null,6248.42832918019,6248.42832918019,null,6246.62867474413,6246.62867474413,null,6248.30696890632,6248.30696890632,null,6237.64613563505,6237.64613563505,null,6248.42832918019,6248.42832918019,null,6250.22954838984,6250.22954838984,null,6250.22954838984,6250.22954838984,null,6246.62867474413,6246.62867474413,null,6264.71157343443,6264.71157343443,null,6252.03127198678,6252.03127198678,null,6264.71157343443,6264.71157343443,null,6250.22954838984,6250.22954838984,null,6252.03127198678,6252.03127198678,null,6248.42832918019,6248.42832918019,null,6255.64580924956,6255.64580924956,null,6257.45004012053,6257.45004012053,null,6259.2927545687,6259.2927545687,null,6237.64613563505,6237.64613563505,null,6246.62867474413,6246.62867474413,null,6248.42832918019,6248.42832918019,null,6243.03476926748,6243.03476926748,null,6251.9098395738,6251.9098395738,null,6244.82797253146,6244.82797253146,null,6250.22954838984,6250.22954838984,null,6252.03127198678,6252.03127198678,null,6264.71157343443,6264.71157343443,null,6248.42832918019,6248.42832918019,null,6246.62867474413,6246.62867474413,null,6237.64613563505,6237.64613563505,null,6259.2927545687,6259.2927545687,null,6244.82797253146,6244.82797253146,null,6248.42832918019,6248.42832918019,null,6259.2927545687,6259.2927545687,null,6246.62867474413,6246.62867474413,null,6248.42832918019,6248.42832918019,null,6237.64613563505,6237.64613563505,null,6244.82797253146,6244.82797253146,null,6246.62867474413,6246.62867474413,null,6239.43720522349,6239.43720522349,null,6250.1057072343,6250.1057072343,null,6248.42832918019,6248.42832918019,null,6246.62867474413,6246.62867474413,null,6248.42832918019,6248.42832918019,null,6259.2927545687,6259.2927545687,null,6246.62867474413,6246.62867474413,null,6244.71471500479,6244.71471500479,null,6241.24574655304,6241.24574655304,null,6239.43720522349,6239.43720522349,null,6237.64613563505,6237.64613563505,null,6244.82797253146,6244.82797253146,null,6237.64613563505,6237.64613563505,null,6246.62867474413,6246.62867474413,null,6237.64613563505,6237.64613563505,null,6246.62867474413,6246.62867474413,null,6241.24574655304,6241.24574655304,null,6237.64613563505,6237.64613563505,null,6244.82797253146,6244.82797253146,null,6248.42832918019,6248.42832918019,null,6237.52955912273,6237.52955912273,null,6237.52955912273,6237.52955912273,null,6246.62867474413,6246.62867474413,null,6237.64613563505,6237.64613563505,null,6246.50698309954,6246.50698309954,null,6246.62867474413,6246.62867474413,null,6246.62867474413,6246.62867474413,null,6241.24574655304,6241.24574655304,null,6239.43720522349,6239.43720522349,null,6243.03476926748,6243.03476926748,null,6243.03476926748,6243.03476926748,null,6259.2927545687,6259.2927545687,null,6248.30696890632,6248.30696890632,null,6246.62867474413,6246.62867474413,null,6239.43720522349,6239.43720522349,null,6246.62867474413,6246.62867474413,null,6241.11678498677,6241.11678498677,null,6242.92556384755,6242.92556384755,null,6246.62867474413,6246.62867474413,null,6246.50698309954,6246.50698309954,null,6239.43720522349,6239.43720522349,null,6244.82797253146,6244.82797253146,null,6246.62867474413,6246.62867474413,null,6239.32257001573,6239.32257001573,null,6244.82797253146,6244.82797253146,null,6239.43720522349,6239.43720522349,null,6244.82797253146,6244.82797253146,null,6239.43720522349,6239.43720522349,null,6241.24574655304,6241.24574655304,null,6244.82797253146,6244.82797253146,null,6244.82797253146,6244.82797253146,null,6239.43720522349,6239.43720522349,null,6244.82797253146,6244.82797253146,null,6241.24574655304,6241.24574655304,null,6246.50698309954,6246.50698309954,null,6239.43720522349,6239.43720522349,null,6243.03476926748,6243.03476926748,null,6243.03476926748,6243.03476926748,null,6244.82797253146,6244.82797253146,null,6239.43720522349,6239.43720522349,null,6244.82797253146,6244.82797253146,null,6241.24574655304,6241.24574655304,null,6239.43720522349,6239.43720522349,null,6244.82797253146,6244.82797253146,null,6241.24574655304,6241.24574655304,null,6239.43720522349,6239.43720522349,null,6239.43720522349,6239.43720522349,null,6243.03476926748,6243.03476926748,null,6244.82797253146,6244.82797253146,null,6243.03476926748,6243.03476926748,null,6239.43720522349,6239.43720522349,null,6244.82797253146,6244.82797253146,null,6244.82797253146,6244.82797253146,null,6243.03476926748,6243.03476926748,null,6243.03476926748,6243.03476926748,null,6241.24574655304,6241.24574655304,null,6239.43720522349,6239.43720522349,null,6241.24574655304,6241.24574655304,null,6239.43720522349,6239.43720522349,null,6239.43720522349,6239.43720522349,null,6241.24574655304,6241.24574655304,null,6243.03476926748,6243.03476926748,null,6241.24574655304,6241.24574655304,null,6243.03476926748,6243.03476926748,null,6244.82797253146,6244.82797253146,null,6244.82797253146,6244.82797253146,null,6239.43720522349,6239.43720522349,null,6239.43720522349,6239.43720522349,null,6243.03476926748,6243.03476926748,null,6241.24574655304,6241.24574655304,null,6244.71471500479,6244.71471500479,null,6244.82797253146,6244.82797253146,null,6241.24574655304,6241.24574655304,null,6239.43720522349,6239.43720522349,null,6244.82797253146,6244.82797253146,null,6243.03476926748,6243.03476926748,null,6239.32257001573,6239.32257001573,null,6239.32257001573,6239.32257001573,null,6244.82797253146,6244.82797253146,null,6243.03476926748,6243.03476926748,null,6241.24574655304,6241.24574655304,null,6239.43720522349,6239.43720522349,null,6242.92556384755,6242.92556384755,null,6241.24574655304,6241.24574655304,null,6243.03476926748,6243.03476926748,null,6241.24574655304,6241.24574655304,null,6243.03476926748,6243.03476926748,null,6244.71471500479,6244.71471500479,null,6241.24574655304,6241.24574655304,null,6243.03476926748,6243.03476926748,null,6241.11678498677,6241.11678498677,null,6241.24574655304,6241.24574655304,null,6241.24574655304,6241.24574655304,null,6243.03476926748,6243.03476926748,null,6243.03476926748,6243.03476926748,null,6241.24574655304,6241.24574655304,null,6243.03476926748,6243.03476926748,null,6241.24574655304,6241.24574655304,null,6241.11678498677,6241.11678498677,null,6243.03476926748,6243.03476926748,null,6241.24574655304,6241.24574655304,null,6242.92556384755,6242.92556384755,null],"y":[704.3890802745348,704.3890802745348,null,1065.5358988766066,1065.5358988766066,null,966.4862454152644,966.4862454152644,null,504.2690384243654,504.2690384243654,null,504.26201338619865,504.26201338619865,null,642.3262599246652,642.3262599246652,null,704.3807780855376,704.3807780855376,null,851.4546604942988,851.4546604942988,null,704.3849284458998,704.3849284458998,null,642.3302271747648,642.3302271747648,null,1065.535901660848,1065.535901660848,null,966.4862468160188,966.4862468160188,null,704.3890821071825,704.3890821071825,null,1065.5410096309054,1065.5410096309054,null,1065.541009653154,1065.541009653154,null,851.4500957606607,851.4500957606607,null,704.3766276904322,704.3766276904322,null,1065.5410096506605,1065.5410096506605,null,851.4592252279368,851.4592252279368,null,1065.55122672031,1065.55122672031,null,642.3302240935793,642.3302240935793,null,704.3890841155195,704.3890841155195,null,1065.556327582735,1065.556327582735,null,704.389085097015,704.389085097015,null,704.3890830833708,704.3890830833708,null,851.4500933510099,851.4500933510099,null,851.459226138079,851.459226138079,null,851.4500923368136,851.4500923368136,null,591.301948662326,591.301948662326,null,851.4592193570854,851.4592193570854,null,851.454658065097,851.454658065097,null,1065.5563291093326,1065.5563291093326,null,504.2620153482014,504.2620153482014,null,851.4500899175732,851.4500899175732,null,1065.546116098135,1065.546116098135,null,966.4716557329554,966.4716557329554,null,642.3262606919088,642.3262606919088,null,1065.5410126412246,1065.5410126412246,null,851.4592261132293,851.4592261132293,null,642.3262606937263,642.3262606937263,null,851.4500916764592,851.4500916764592,null,851.4500933703164,851.4500933703164,null,966.4813823330546,966.4813823330546,null,851.4546580973976,851.4546580973976,null,704.3890816736563,704.3890816736563,null,851.4546563712129,851.4546563712129,null,966.4813815365444,966.4813815365444,null,1065.556327839898,1065.556327839898,null,1065.551220481653,1065.551220481653,null,704.3849332918036,704.3849332918036,null,504.2690397126818,504.2690397126818,null,851.4455269353904,851.4455269353904,null,1065.5563247844684,1065.5563247844684,null,642.3341918899923,642.3341918899923,null,504.26904095061775,504.26904095061775,null,966.486244872204,966.486244872204,null,1065.556327568389,1065.556327568389,null,1065.535903209422,1065.535903209422,null,704.3890858510123,704.3890858510123,null,704.3807786515092,704.3807786515092,null,966.4765162817406,966.4765162817406,null,966.486246793452,966.486246793452,null,504.2655275924674,504.2655275924674,null,591.2943416355675,591.2943416355675,null,1065.5410137893975,1065.5410137893975,null,1065.5563332204372,1065.5563332204372,null,504.2620140857035,504.2620140857035,null,704.3807794788047,704.3807794788047,null,1065.5512210850654,1065.5512210850654,null,851.4500921375782,851.4500921375782,null,1065.5563332082568,1065.5563332082568,null,851.4592228056238,851.4592228056238,null,1065.551224095764,1065.551224095764,null,1065.5563305848596,1065.5563305848596,null,966.4862495189312,966.4862495189312,null,1065.5359062055468,1065.5359062055468,null,704.3849304575302,704.3849304575302,null,1065.546114599529,1065.546114599529,null,1065.535907320054,1065.535907320054,null,704.3849313150286,704.3849313150286,null,1065.556327577803,1065.556327577803,null,966.4765201822474,966.4765201822474,null,1065.5410081282057,1065.5410081282057,null,851.4592227989133,851.4592227989133,null,966.4813835013608,966.4813835013608,null,1065.5563332319691,1065.5563332319691,null,704.3766296813806,704.3766296813806,null,966.4716568961474,966.4716568961474,null,504.2690379872344,504.2690379872344,null,504.2620113387057,504.2620113387057,null,704.3807794798573,704.3807794798573,null,591.2981464062257,591.2981464062257,null,851.4592240163763,851.4592240163763,null,1065.5359073239488,1065.5359073239488,null,851.4592211122817,851.4592211122817,null,966.4716529914942,966.4716529914942,null,504.2620148135408,504.2620148135408,null,1065.5359073464317,1065.5359073464317,null,704.3890831044536,704.3890831044536,null,851.4455298260474,851.4455298260474,null,1065.5359073222694,1065.5359073222694,null,1065.5461191213224,1065.5461191213224,null,966.4862505602894,966.4862505602894,null,851.4592228175785,851.4592228175785,null,1065.5461176066683,1065.5461176066683,null,591.2943408132516,591.2943408132516,null,1065.535907347591,1065.535907347591,null,591.2981447484418,591.2981447484418,null,504.2690386981191,504.2690386981191,null,1065.5359016925822,1065.5359016925822,null,1065.5512210688692,1065.5512210688692,null,504.26552814546505,504.26552814546505,null,591.2943396062127,591.2943396062127,null,591.3019503139074,591.3019503139074,null,504.2690389997509,504.2690389997509,null,591.301948683632,591.301948683632,null,966.476518803763,966.476518803763,null,504.2690409427288,504.2690409427288,null,642.3302244911242,642.3302244911242,null,851.445531962112,851.445531962112,null,504.2690409702673,504.2690409702673,null,704.3849298795969,704.3849298795969,null,504.2620133797621,504.2620133797621,null,1065.5512267140937,1065.5512267140937,null,966.4862454125272,966.4862454125272,null,1065.5563311585274,1065.5563311585274,null,504.2655268991927,504.2655268991927,null,1065.541013763278,1065.541013763278,null,966.4765215293588,966.4765215293588,null,1065.5563332162253,1065.5563332162253,null,1065.5359073411637,1065.5359073411637,null,966.4813835083332,966.4813835083332,null,704.376627715926,704.376627715926,null,504.2655281692054,504.2655281692054,null,704.3890821142862,704.3890821142862,null,851.4546580842942,851.4546580842942,null,642.3341874909091,642.3341874909091,null,591.2943408051282,591.2943408051282,null,704.3766304392781,704.3766304392781,null,642.3341901029527,642.3341901029527,null,966.471656901908,966.471656901908,null,642.3302254000955,642.3302254000955,null,504.2690409855113,504.2690409855113,null,704.3807794734649,704.3807794734649,null,504.2620133992247,504.2620133992247,null,966.486250574382,966.486250574382,null,642.3302253988585,642.3302253988585,null,1065.5563332344943,1065.5563332344943,null,504.26552812880175,504.26552812880175,null,504.2690382899933,504.2690382899933,null,851.4455286297896,851.4455286297896,null,642.3262616169272,642.3262616169272,null,1065.5410111627818,1065.5410111627818,null,591.3019474925558,591.3019474925558,null,591.2981423430426,591.2981423430426,null,704.3849340388358,704.3849340388358,null,851.4455281534848,851.4455281534848,null,1065.546120252788,1065.546120252788,null,704.3849302762227,704.3849302762227,null,504.2655281521653,504.2655281521653,null,851.4546568762507,851.4546568762507,null,1065.5512210883278,1065.5512210883278,null,966.4862454366832,966.4862454366832,null,966.476522913441,966.476522913441,null,704.3766277261155,704.3766277261155,null,642.3341901064647,642.3341901064647,null,642.3341891820119,642.3341891820119,null,504.26903899229137,504.26903899229137,null,1065.5563332062875,1065.5563332062875,null,851.4455319647361,851.4455319647361,null,966.4716555317408,966.4716555317408,null,504.269038278336,504.269038278336,null,704.3890858547234,704.3890858547234,null,704.3766262914784,704.3766262914784,null,966.486248145116,966.486248145116,null,504.2620126462848,504.2620126462848,null,504.2620126591105,504.2620126591105,null,704.3849302913235,704.3849302913235,null,966.4716582666898,966.4716582666898,null,704.3890826629537,704.3890826629537,null,851.4455286493875,851.4455286493875,null,642.3262606947644,642.3262606947644,null,1065.5512267347174,1065.5512267347174,null,642.3302244749892,642.3302244749892,null,966.4765188310288,966.4765188310288,null,591.2981447337271,591.2981447337271,null,591.2981440170054,591.2981440170054,null,704.3807804647768,704.3807804647768,null,504.26552545378985,504.26552545378985,null,851.4592222818748,851.4592222818748,null,704.3849322675435,704.3849322675435,null,591.30194784522,591.30194784522,null,642.3302244624917,642.3302244624917,null,1065.5410081449854,1065.5410081449854,null,851.4500933509032,851.4500933509032,null,851.4455286651396,851.4455286651396,null,591.2981447348529,591.2981447348529,null,504.2690409711026,504.2690409711026,null,504.269040415814,504.269040415814,null,704.3807822258992,704.3807822258992,null,851.4500950109857,851.4500950109857,null,966.4813848372374,966.4813848372374,null,704.3807822221701,704.3807822221701,null,504.2620153413456,504.2620153413456,null,704.3807814865921,704.3807814865921,null,851.459224501148,851.459224501148,null,704.3890858393836,704.3890858393836,null,851.4592261383748,851.4592261383748,null,504.26904097461846,504.26904097461846,null,704.3890858201239,704.3890858201239,null,504.2620153624248,504.2620153624248,null,1065.5410090192115,1065.5410090192115,null,851.4500945712268,851.4500945712268,null,642.3262632039635,642.3262632039635,null,504.2620126801862,504.2620126801862,null,642.32626250439,642.32626250439,null,642.3262598089235,642.3262598089235,null,966.4813861939762,966.4813861939762,null,504.2655281363071,504.2655281363071,null,1065.5461202323636,1065.5461202323636,null,642.3302278872247,642.3302278872247,null,504.2655261860267,504.2655261860267,null,966.4813821026498,966.4813821026498,null,1065.5461202489976,1065.5461202489976,null,704.3766304191571,704.3766304191571,null,704.3766266898359,704.3766266898359,null,1065.5410137631973,1065.5410137631973,null,704.3766287072194,704.3766287072194,null,966.4813872376916,966.4813872376916,null,851.4546575878749,851.4546575878749,null,591.2943408019304,591.2943408019304,null,966.4716555175823,966.4716555175823,null,1065.5512267423787,1065.5512267423787,null,704.3807784897888,704.3807784897888,null,851.4455276213945,851.4455276213945,null,704.3849303014651,704.3849303014651,null,504.2620153427071,504.2620153427071,null,642.3262597872687,642.3262597872687,null,851.4592216151822,851.4592216151822,null,591.3019509408949,591.3019509408949,null,591.3019486677756,591.3019486677756,null,966.471659632906,966.471659632906,null,704.3849340469915,704.3849340469915,null,966.4813820990807,966.4813820990807,null,851.4500928474847,851.4500928474847,null,851.4500966591966,851.4500966591966,null,704.3807822477971,704.3807822477971,null,851.4455310270226,851.4455310270226,null,966.4716606548868,966.4716606548868,null,851.4500921373192,851.4500921373192,null,851.4546568902267,851.4546568902267,null,966.4813872477828,966.4813872477828,null,504.2655254565638,504.2655254565638,null,504.262015352094,504.262015352094,null,1065.5359046736862,1065.5359046736862,null,851.4546613986378,851.4546613986378,null,1065.535902535122,1065.535902535122,null,966.4813821202232,966.4813821202232,null,966.4716555219464,966.4716555219464,null,851.4500966797793,851.4500966797793,null,966.4862505529342,966.4862505529342,null,1065.551226728894,1065.551226728894,null,851.4455274428254,851.4455274428254,null,591.2943399472616,591.2943399472616,null,591.2981455522092,591.2981455522092,null,642.3341891577613,642.3341891577613,null,591.3019478311649,591.3019478311649,null,642.3262631977757,642.3262631977757,null,1065.5461202684596,1065.5461202684596,null,642.3302253928181,642.3302253928181,null,851.4546614032246,851.4546614032246,null,591.2943424541239,591.2943424541239,null,591.3019509583323,591.3019509583323,null,1065.5461145923282,1065.5461145923282,null,704.3890844796515,704.3890844796515,null,966.4765239474486,966.4765239474486,null,704.3849340326414,704.3849340326414,null,966.476518834561,966.476518834561,null,1065.5461146082666,1065.5461146082666,null,704.3766272896593,704.3766272896593,null,851.4455319591293,851.4455319591293,null,851.4546592711969,851.4546592711969,null,704.376626703355,704.376626703355,null,851.4546613665063,851.4546613665063,null,704.3766304520416,704.3766304520416,null,591.2981470437867,591.2981470437867,null,591.3019509823339,591.3019509823339,null,704.3849308873189,704.3849308873189,null,966.4813872234256,966.4813872234256,null,642.3302263035515,642.3302263035515,null,591.3019509783275,591.3019509783275,null,851.4592261266699,851.4592261266699,null,504.2655281385397,504.2655281385397,null,642.3341925683477,642.3341925683477,null,851.4500966446609,851.4500966446609,null,591.2943399554787,591.2943399554787,null,642.3341909901757,642.3341909901757,null,1065.546115456911,1065.546115456911,null,851.4455274303244,851.4455274303244,null,966.4862487019576,966.4862487019576,null,704.3807785042036,704.3807785042036,null,591.294343111641,591.294343111641,null,704.3807790652941,704.3807790652941,null,704.389084492175,704.389084492175,null,1065.55122470963,1065.55122470963,null,1065.541013798807,1065.541013798807,null,504.262015333228,504.262015333228,null,591.2981438933218,591.2981438933218,null,642.33419256744,642.33419256744,null,591.2943399850192,591.2943399850192,null,591.2943404669415,591.2943404669415,null,591.2981439045035,591.2981439045035,null,851.454661380098,851.454661380098,null,591.3019495140603,591.3019495140603,null,966.481387223926,966.481387223926,null,591.2981438962407,591.2981438962407,null,642.3341925826592,642.3341925826592,null,966.4813872597184,966.4813872597184,null,966.4862505452796,966.4862505452796,null,704.3890858266467,704.3890858266467,null,704.3807785127987,704.3807785127987,null,704.3849340116049,704.3849340116049,null,1065.5359052721358,1065.5359052721358,null,1065.5563341643938,1065.5563341643938,null,704.384934023608,704.384934023608,null,591.2981470262679,591.2981470262679,null,851.454661395196,851.454661395196,null,642.334192565224,642.334192565224,null,704.376626706942,704.376626706942,null,851.4546597333663,851.4546597333663,null,1065.5512267243823,1065.5512267243823,null,642.3262597922171,642.3262597922171,null,851.459226142782,851.459226142782,null,642.3262632170134,642.3262632170134,null,1065.5461202564502,1065.5461202564502,null,851.4592216241979,851.4592216241979,null,642.3341925788467,642.3341925788467,null,642.3341925637837,642.3341925637837,null,966.4765239591472,966.4765239591472,null,851.4592244732295,851.4592244732295,null,966.4862505326804,966.4862505326804,null,851.445531956334,851.445531956334,null,1065.5512219410002,1065.5512219410002,null,642.3262632092255,642.3262632092255,null,966.4765239465524,966.4765239465524,null,851.4455319543902,851.4455319543902,null,704.3807822229483,704.3807822229483,null,1065.551227675028,1065.551227675028,null,504.26904141258376,504.26904141258376,null,851.459226115535,851.459226115535,null,642.326263202191,642.326263202191,null,591.294343109246,591.294343109246,null,642.3341900937274,642.3341900937274,null,591.3019509504772,591.3019509504772,null,591.3019478239879,591.3019478239879,null,642.3341926015544,642.3341926015544,null,704.3849326932498,704.3849326932498,null,966.486248718212,966.486248718212,null,1065.5461202424772,1065.5461202424772,null,966.476523962885,966.476523962885,null,642.3262631796613,642.3262631796613,null,966.4716606572058,966.4716606572058,null,591.3019509739519,591.3019509739519,null,1065.5410137628592,1065.5410137628592,null,966.4765239394064,966.4765239394064,null,851.4500966771626,851.4500966771626,null,851.4592244785556,851.4592244785556,null,642.3302278838737,642.3302278838737,null,704.3890820987267,704.3890820987267,null,966.4862505446844,966.4862505446844,null,642.3341913494726,642.3341913494726,null,1065.5461182153315,1065.5461182153315,null,1065.5563311594858,1065.5563311594858,null,504.26552717045416,504.26552717045416,null,851.4500966875329,851.4500966875329,null,642.3341891733251,642.3341891733251,null,966.4813872264278,966.4813872264278,null,504.2690399936002,504.2690399936002,null,504.2620157784804,504.2620157784804,null,704.3890864539569,704.3890864539569,null,704.3890858373567,704.3890858373567,null,1065.541011721033,1065.541011721033,null,966.4716606585762,966.4716606585762,null,704.389084486607,704.389084486607,null,704.3849346596157,704.3849346596157,null,591.2943430949434,591.2943430949434,null,591.2981443631447,591.2981443631447,null,704.3766304425149,704.3766304425149,null,504.2620143927092,504.2620143927092,null,966.4716563157187,966.4716563157187,null,704.3849340331435,704.3849340331435,null,642.3302278867222,642.3302278867222,null,642.3302278905188,642.3302278905188,null,1065.541013805854,1065.541013805854,null,1065.535908252092,1065.535908252092,null,642.3262632037809,642.3262632037809,null,966.4813853924708,966.4813853924708,null,851.4546613679029,851.4546613679029,null,591.2943430928979,591.2943430928979,null,704.3766304577763,704.3766304577763,null,851.4592268677374,851.4592268677374,null,851.445527461304,851.445527461304,null,591.2943431200496,591.2943431200496,null,851.4546568587072,851.4546568587072,null,704.3807822406922,704.3807822406922,null,591.2981470286086,591.2981470286086,null,704.3807822289303,704.3807822289303,null,591.2981470042822,591.2981470042822,null,966.4716606696792,966.4716606696792,null,966.4862462371244,966.4862462371244,null,591.2981458987734,591.2981458987734,null,966.4862513755352,966.4862513755352,null,704.3766304247173,704.3766304247173,null,851.4592245004864,851.4592245004864,null,642.3302278826079,642.3302278826079,null,504.2690400115983,504.2690400115983,null,591.2981470216876,591.2981470216876,null,966.4716606779872,966.4716606779872,null,851.4500921377426,851.4500921377426,null,591.2943431214777,591.2943431214777,null,1065.541014696297,1065.541014696297,null,591.3019498340906,591.3019498340906,null,1065.5563284250895,1065.5563284250895,null,851.4592244972865,851.4592244972865,null,966.4716606351968,966.4716606351968,null,966.476519622854,966.476519622854,null,504.2655285955321,504.2655285955321,null,851.4500966835874,851.4500966835874,null,704.3807808943245,704.3807808943245,null,966.4862487118314,966.4862487118314,null,851.4455326843726,851.4455326843726,null,704.3890845013291,704.3890845013291,null,642.3302278965078,642.3302278965078,null,851.4455319539902,851.4455319539902,null,851.4546621248955,851.4546621248955,null,966.4765239534534,966.4765239534534,null,966.481382883599,966.481382883599,null,1065.5461211856623,1065.5461211856623,null,642.3262619735992,642.3262619735992,null,966.4862486812738,966.4862486812738,null,966.4862487050156,966.4862487050156,null,591.2943419634563,591.2943419634563,null,1065.5359053010366,1065.5359053010366,null,851.4455303340063,851.4455303340063,null,704.3766310709334,704.3766310709334,null,966.4765220667292,966.4765220667292,null,966.4813880759856,966.4813880759856,null,1065.5563311777662,1065.5563311777662,null,704.3766290953994,704.3766290953994,null,1065.5563311792712,1065.5563311792712,null,591.2981470250738,591.2981470250738,null,642.3262619537289,642.3262619537289,null,642.3302266292822,642.3302266292822,null,591.3019514752093,591.3019514752093,null,966.4716587863892,966.4716587863892,null,642.3262637698326,642.3262637698326,null,591.2981475529482,591.2981475529482,null,704.380782820114,704.380782820114,null,704.3890844738484,704.3890844738484,null,504.26903997675976,504.26903997675976,null,1065.535905273461,1065.535905273461,null,1065.5563311722508,1065.5563311722508,null,591.301948305738,591.301948305738,null,642.3302278708251,642.3302278708251,null,966.476524776436,966.476524776436,null,1065.535905291049,1065.535905291049,null,851.4500974272144,851.4500974272144,null,642.3262619469675,642.3262619469675,null,642.3262619479159,642.3262619479159,null,966.471661476886,966.471661476886,null,642.3341931292248,642.3341931292248,null,504.2620143766883,504.2620143766883,null,591.3019498150347,591.3019498150347,null,591.2943436306871,591.2943436306871,null,642.3262619672892,642.3262619672892,null,1065.5512246648968,1065.5512246648968,null,1065.55122470349,1065.55122470349,null,504.26552718503535,504.26552718503535,null,504.265527176724,504.265527176724,null,1065.5359052918466,1065.5359052918466,null,851.4546597587889,851.4546597587889,null,504.2620143584724,504.2620143584724,null,591.3019498391785,591.3019498391785,null,704.3849326791151,704.3849326791151,null,591.3019498181606,591.3019498181606,null,642.3302284495287,642.3302284495287,null,851.4546597322258,851.4546597322258,null,504.2690400161215,504.2690400161215,null,851.4546597420607,851.4546597420607,null,1065.5461181953383,1065.5461181953383,null,704.3849326830388,704.3849326830388,null,1065.5410117257795,1065.5410117257795,null,504.26903998345136,504.26903998345136,null,966.481385364904,966.481385364904,null,966.4813853669424,966.4813853669424,null,504.2620143754535,504.2620143754535,null,1065.5461182030406,1065.5461182030406,null,851.4455303284732,851.4455303284732,null,504.2620143524809,504.2620143524809,null,851.4455303266094,851.4455303266094,null,591.3019498389664,591.3019498389664,null,1065.5410117470449,1065.5410117470449,null,851.4500950202914,851.4500950202914,null,704.376629108947,704.376629108947,null,966.4716588135876,966.4716588135876,null,1065.55122468608,1065.55122468608,null,851.4546597559898,851.4546597559898,null,704.3766290909115,704.3766290909115,null,966.4716588011464,966.4716588011464,null,851.4500950303495,851.4500950303495,null,966.4716588180409,966.4716588180409,null,1065.5512247062863,1065.5512247062863,null,504.2655271843012,504.2655271843012,null,504.2655271570603,504.2655271570603,null,704.3766291013997,704.3766291013997,null,966.4716588116112,966.4716588116112,null,704.3807808716232,704.3807808716232,null,591.2981458690859,591.2981458690859,null,704.3807808647484,704.3807808647484,null,1065.5410117596316,1065.5410117596316,null,1065.5410117185424,1065.5410117185424,null,642.3302266402379,642.3302266402379,null,591.2981459111024,591.2981459111024,null,704.3849326667596,704.3849326667596,null,591.2943419879002,591.2943419879002,null,591.2943419623545,591.2943419623545,null,704.3849326716031,704.3849326716031,null,642.3341913505539,642.3341913505539,null,642.3302266367723,642.3302266367723,null,966.4765220668688,966.4765220668688,null,851.4455303169965,851.4455303169965,null,704.3766290973663,704.3766290973663,null,966.4765220692456,966.4765220692456,null,642.3302266589773,642.3302266589773,null,851.4455303215105,851.4455303215105,null,591.2943419694484,591.2943419694484,null,591.2943419710226,591.2943419710226,null,966.4813854058344,966.4813854058344,null,642.3341913511538,642.3341913511538,null,966.481385387898,966.481385387898,null,1065.546118199909,1065.546118199909,null,642.3302266310872,642.3302266310872,null,851.4500950387502,851.4500950387502,null,1065.5461181900223,1065.5461181900223,null,704.3807808635546,704.3807808635546,null,851.4500950295286,851.4500950295286,null,704.3807808596708,704.3807808596708,null,591.2981459042073,591.2981459042073,null,591.2981458945916,591.2981458945916,null,642.3341913600881,642.3341913600881,null,966.4765220638176,966.4765220638176,null,966.476522094522,966.476522094522,null,642.3341913700388,642.3341913700388,null],"z":[0,8.999583,null,0,11.000127,null,0,22.001259,null,0,23.999842,null,0,25.99828,null,0,26.00163,null,0,28.999155,null,0,30.998411,null,0,32.00139,null,0,36.000504,null,0,37.999737,null,0,38.998554,null,0,40.99771,null,0,41.001484,null,0,42.00202,null,0,42.00263,null,0,49.999344,null,0,55.001625,null,0,56.998428000000004,null,0,57.002556,null,0,57.999414,null,0,58.997746,null,0,59.000267,null,0,60.001003,null,0,60.00171,null,0,60.999023,null,0,62.998007,null,0,64.99803,null,0,65.00193,null,0,65.997345,null,0,65.99918,null,0,67.99574,null,0,68.00132,null,0,68.00152,null,0,68.00239,null,0,70.99778,null,0,73.003874,null,0,73.996025,null,0,74.001711,null,0,75.00328,null,0,76.001863,null,0,79.000946,null,0,79.99929,null,0,81.999596,null,0,82.99887,null,0,82.99887,null,0,84.003914,null,0,84.004074,null,0,84.99860699999999,null,0,87.99732,null,0,87.99875200000001,null,0,88.001757,null,0,88.002396,null,0,88.004456,null,0,88.99716,null,0,89.003525,null,0,89.003952,null,0,92.99491,null,0,92.995125,null,0,96.996807,null,0,97.00087,null,0,97.00903,null,0,98.9972,null,0,98.999344,null,0,100.999724,null,0,103.002422,null,0,109.001275,null,0,110.005516,null,0,111.003466,null,0,112.01181500000001,null,0,114.998413,null,0,117.001956,null,0,117.00522600000001,null,0,117.998564,null,0,119.0002,null,0,119.00048000000001,null,0,120.001686,null,0,120.99551,null,0,121.003897,null,0,123.004636,null,0,125.00569100000001,null,0,127.002604,null,0,131.002764,null,0,134.00089,null,0,136.995823,null,0,138.00032099999999,null,0,138.999315,null,0,144.000596,null,0,144.999588,null,0,152.00263,null,0,155.00109600000002,null,0,158.001025,null,0,158.00370900000001,null,0,160.99348,null,0,161.000603,null,0,162.00037,null,0,162.00278500000002,null,0,163.999126,null,0,165.9946,null,0,166.99774399999998,null,0,168.003994,null,0,171.99896,null,0,177.001326,null,0,181.000347,null,0,181.002799,null,0,186.99178,null,0,187.99192,null,0,189.99449900000002,null,0,190.995641,null,0,194.00509,null,0,195.99969099999998,null,0,196.00203800000003,null,0,198.004774,null,0,198.989396,null,0,198.996863,null,0,200.00205499999998,null,0,201.007858,null,0,202.99214,null,0,203.008889,null,0,203.996865,null,0,204.999778,null,0,206.000675,null,0,206.997115,null,0,209.004251,null,0,211.009319,null,0,213.99849,null,0,214.996566,null,0,215.995886,null,0,216.995163,null,0,220.99650300000002,null,0,222.001376,null,0,222.004947,null,0,224.001026,null,0,224.003218,null,0,224.998022,null,0,227.006777,null,0,229.01174,null,0,230.0009175,null,0,234.004058,null,0,237.00255,null,0,240.006781,null,0,244.002682,null,0,248.000626,null,0,249.011886,null,0,258.00100000000003,null,0,261.003825,null,0,262.00251000000003,null,0,264.998865,null,0,266.994446,null,0,267.003126,null,0,270.995072,null,0,271.995715,null,0,271.998562,null,0,272.994847,null,0,273.00370300000003,null,0,273.98933999999997,null,0,274.00102400000003,null,0,274.005225,null,0,274.993354,null,0,275.009789,null,0,277.00916,null,0,278.99779,null,0,279.011098,null,0,280.005565,null,0,284.990482,null,0,286.99668699999995,null,0,290.99678700000004,null,0,291.01389,null,0,292.99003700000003,null,0,293.99730999999997,null,0,293.999024,null,0,293.999255,null,0,298.00721,null,0,301.00968,null,0,304.994314,null,0,313.008186,null,0,317.995862,null,0,318.002456,null,0,319.996806,null,0,319.998106,null,0,322.9976,null,0,327.0031,null,0,328.00415,null,0,328.986519,null,0,331.000401,null,0,333.004622,null,0,335.01062,null,0,336.002383,null,0,345.99546000000004,null,0,346.00445,null,0,346.99914,null,0,351.011711,null,0,352.989131,null,0,355.013202,null,0,356.99280999999996,null,0,365.98996,null,0,366.992145,null,0,368.990875,null,0,370.992804,null,0,372.01178500000003,null,0,372.994854,null,0,374.001174,null,0,374.997614,null,0,376.99035000000003,null,0,376.995608,null,0,378.998074,null,0,379.008655,null,0,379.996039,null,0,382.006764,null,0,384.01018,null,0,387.000511,null,0,388.003164,null,0,388.99215000000004,null,0,393.015105,null,0,394.00709,null,0,397.99105,null,0,399.992443,null,0,399.99457,null,0,402.007464,null,0,402.009317,null,0,406.9924935,null,0,419.988083,null,0,420.993063,null,0,420.99517,null,0,422.998226,null,0,428.00022,null,0,436.004676,null,0,437.99809999999997,null,0,438.98312,null,0,449.995475,null,0,455.991234,null,0,456.00439200000005,null,0,462.982507,null,0,464.013424,null,0,470.98924400000004,null,0,473.021382,null,0,474.99087199999997,null,0,476.00678,null,0,478.004685,null,0,482.013607,null,0,486.99307500000003,null,0,492.008408,null,0,496.99725,null,0,502.98676,null,0,502.99345,null,0,502.99534,null,0,510.003061,null,0,511.999303,null,0,512.0008760000001,null,0,512.001217,null,0,514.980519,null,0,518.998783,null,0,523.00985,null,0,527.010624,null,0,529.007036,null,0,531.004604,null,0,534.0002380000001,null,0,534.009449,null,0,538.995237,null,0,540.005912,null,0,543.998396,null,0,547.99952,null,0,548.993754,null,0,551.012622,null,0,551.99395,null,0,554.999818,null,0,555.019796,null,0,557.979005,null,0,561.012172,null,0,564.9895899999999,null,0,565.989821,null,0,572.00804,null,0,574.009678,null,0,577.007513,null,0,577.013306,null,0,580.008388,null,0,589.994012,null,0,591.995216,null,0,593.004443,null,0,595.986504,null,0,598.009011,null,0,599.992245,null,0,607.006224,null,0,618.00019,null,0,620.99078,null,0,622.006487,null,0,623.9994780000001,null,0,625.99171,null,0,626.004868,null,0,644.983135,null,0,647.99135,null,0,650.995223,null,0,652.000173,null,0,653.016485,null,0,659.001014,null,0,659.9703489999999,null,0,659.983391,null,0,660.992878,null,0,663.997352,null,0,665.000959,null,0,666.001275,null,0,669.001051,null,0,669.001707,null,0,671.977288,null,0,675.986189,null,0,679.008808,null,0,685.0006529999999,null,0,690.9846210000001,null,0,702.9903830000001,null,0,708.99603,null,0,712.995311,null,0,713.022107,null,0,714.0027190000001,null,0,720.997374,null,0,726.002213,null,0,730.008676,null,0,734.99268,null,0,736.009844,null,0,737.995006,null,0,740.01051,null,0,746.019538,null,0,750.993322,null,0,758.996475,null,0,761.0044720000001,null,0,761.0095799999999,null,0,767.0071790000001,null,0,768.000169,null,0,768.988099,null,0,783.9866059999999,null,0,785.006886,null,0,800.0003869999999,null,0,806.98721,null,0,810.004986,null,0,816.9971390000001,null,0,817.002308,null,0,828.998809,null,0,829.006489,null,0,829.0178530000001,null,0,834.014467,null,0,850.995095,null,0,855.985671,null,0,861.0132100000001,null,0,861.9965139999999,null,0,868.996652,null,0,871.988963,null,0,881.002535,null,0,884.99423,null,0,916.9832680000001,null,0,925.027652,null,0,938.990732,null,0,939.986958,null,0,944.993993,null,0,951.02178,null,0,958.986722,null,0,964.9947520000001,null,0,970.003067,null,0,983.992835,null,0,986.99223,null,0,999.0092999999999,null,0,1007.005633,null,0,1008.00593,null,0,1009.991644,null,0,1016.01261,null,0,1031.997556,null,0,1038.004703,null,0,1040.9724310000001,null,0,1050.040025,null,0,1060.008437,null,0,1074.972759,null,0,1084.004383,null,0,1085.98913,null,0,1087.991285,null,0,1122.989346,null,0,1128.00275,null,0,1143.995373,null,0,1154.001298,null,0,1155.0016190000001,null,0,1157.99309,null,0,1165.969839,null,0,1166.036605,null,0,1183.974095,null,0,1189.987474,null,0,1195.00697,null,0,1195.983064,null,0,1207.998396,null,0,1229.000018,null,0,1240.981452,null,0,1269.004537,null,0,1282.017226,null,0,1300.998333,null,0,1332.988223,null,0,1336.990051,null,0,1348.973174,null,0,1350.9896840000001,null,0,1359.004031,null,0,1370.0073710000001,null,0,1374.977636,null,0,1392.999926,null,0,1413.010119,null,0,1436.994805,null,0,1443.006544,null,0,1477.0240629999998,null,0,1497.004315,null,0,1511.002426,null,0,1514.028023,null,0,1519.983533,null,0,1539.01422,null,0,1542.0096740000001,null,0,1695.001039,null,0,1724.99606,null,0,1729.019354,null,0,1732.005435,null,0,1735.00909,null,0,1747.945839,null,0,1784.99263,null,0,1803.046997,null,0,1812.980079,null,0,1827.0064459999999,null,0,1833.01324,null,0,1851.989943,null,0,1878.992132,null,0,1894.98374,null,0,1910.9954910000001,null,0,1949.984005,null,0,1962.985234,null,0,1966.969037,null,0,1975.002641,null,0,1984.992545,null,0,2026.023781,null,0,2026.97912,null,0,2069.973773,null,0,2159.9813839999997,null,0,2193.019896,null,0,2194.989389,null,0,2244.033278,null,0,2267.990264,null,0,2299.993203,null,0,2329.963983,null,0,2375.977737,null,0,2476.043002,null,0,2495.941847,null,0,2569.00397,null,0,2576.997267,null,0,2658.975438,null,0,2716.950749,null,0,2774.021319,null,0,2824.949014,null,0,2834.044636,null,0,2847.013452,null,0,2944.964462,null,0,2969.992385,null,0,2972.0400609999997,null,0,3031.044935,null,0,3134.937761,null,0,3148.019995,null,0,3506.1142259999997,null,0,3559.985286,null,0,3590.966062,null,0,3673.91113,null,0,3824.0086109999997,null,0,3861.054594,null,0,3862.061932,null,0,3995.973214,null,0,4025.946019,null,0,4118.941951,null,0,4175.976464,null,0,4335.96898,null,0,4336.217255,null,0,4354.89748,null,0,4395.051691,null,0,4540.069836,null,0,4694.95679,null,0,5098.041586,null,0,5456.967779,null,0,5824.786158,null,0,5964.01925,null,0,6054.127348,null,0,6181.056368,null,0,7121.865652,null,0,7349.124009,null,0,7371.071147,null,0,7776.02971,null,0,7867.851959,null,0,7973.97945,null,0,8971.710168,null,0,8989.062377,null,0,9205.165958,null,0,10354.010774999999,null,0,10763.625599,null,0,11010.07101,null,0,11802.816577,null,0,12875.116539,null,0,13385.933965,null,0,13442.994939,null,0,14269.073547,null,0,14362.958797000001,null,0,14679.053041000001,null,0,14985.984903,null,0,15759.894114,null,0,16931.870765,null,0,17272.37046,null,0,17371.8422,null,0,17453.033616,null,0,18823.998316,null,0,18829.072895,null,0,18911.755692,null,0,19402.34578,null,0,19821.084642,null,0,20236.161722,null,0,21688.000718,null,0,21982.846457,null,0,22437.985033,null,0,22785.908586,null,0,24235.900249,null,0,24483.700943,null,0,25066.240573,null,0,25267.142342,null,0,25623.08365,null,0,25726.853582,null,0,26440.726387,null,0,26905.981024,null,0,26938.900015,null,0,27351.031497,null,0,31533.075554,null,0,32192.697397,null,0,33119.771248,null,0,34403.21569,null,0,35930.414225,null,0,36872.471262,null,0,37874.196283,null,0,37953.586761,null,0,39098.25039,null,0,49165.075962,null,0,51671.133616,null,0,52253.73605,null,0,57423.48469,null,0,57952.392704,null,0,83167.035481,null,0,88065.881373,null,0,88594.69524,null,0,93945.459663,null,0,97807.24207400001,null,0,101207.522581,null,0,101395.516606,null,0,106163.612271,null,0,107256.86447,null,0,111865.196221,null,0,128317.354297,null,0,152889.486697,null,0,207381.64536,null,0,220144.75682,null,0,244413.265909,null,0,289057.336608,null],"type":"scatter3d"}],                        {"template":{"data":{"barpolar":[{"marker":{"line":{"color":"white","width":0.5},"pattern":{"fillmode":"overlay","size":10,"solidity":0.2}},"type":"barpolar"}],"bar":[{"error_x":{"color":"rgb(36,36,36)"},"error_y":{"color":"rgb(36,36,36)"},"marker":{"line":{"color":"white","width":0.5},"pattern":{"fillmode":"overlay","size":10,"solidity":0.2}},"type":"bar"}],"carpet":[{"aaxis":{"endlinecolor":"rgb(36,36,36)","gridcolor":"white","linecolor":"white","minorgridcolor":"white","startlinecolor":"rgb(36,36,36)"},"baxis":{"endlinecolor":"rgb(36,36,36)","gridcolor":"white","linecolor":"white","minorgridcolor":"white","startlinecolor":"rgb(36,36,36)"},"type":"carpet"}],"choropleth":[{"colorbar":{"outlinewidth":1,"tickcolor":"rgb(36,36,36)","ticks":"outside"},"type":"choropleth"}],"contourcarpet":[{"colorbar":{"outlinewidth":1,"tickcolor":"rgb(36,36,36)","ticks":"outside"},"type":"contourcarpet"}],"contour":[{"colorbar":{"outlinewidth":1,"tickcolor":"rgb(36,36,36)","ticks":"outside"},"colorscale":[[0.0,"#440154"],[0.1111111111111111,"#482878"],[0.2222222222222222,"#3e4989"],[0.3333333333333333,"#31688e"],[0.4444444444444444,"#26828e"],[0.5555555555555556,"#1f9e89"],[0.6666666666666666,"#35b779"],[0.7777777777777778,"#6ece58"],[0.8888888888888888,"#b5de2b"],[1.0,"#fde725"]],"type":"contour"}],"heatmapgl":[{"colorbar":{"outlinewidth":1,"tickcolor":"rgb(36,36,36)","ticks":"outside"},"colorscale":[[0.0,"#440154"],[0.1111111111111111,"#482878"],[0.2222222222222222,"#3e4989"],[0.3333333333333333,"#31688e"],[0.4444444444444444,"#26828e"],[0.5555555555555556,"#1f9e89"],[0.6666666666666666,"#35b779"],[0.7777777777777778,"#6ece58"],[0.8888888888888888,"#b5de2b"],[1.0,"#fde725"]],"type":"heatmapgl"}],"heatmap":[{"colorbar":{"outlinewidth":1,"tickcolor":"rgb(36,36,36)","ticks":"outside"},"colorscale":[[0.0,"#440154"],[0.1111111111111111,"#482878"],[0.2222222222222222,"#3e4989"],[0.3333333333333333,"#31688e"],[0.4444444444444444,"#26828e"],[0.5555555555555556,"#1f9e89"],[0.6666666666666666,"#35b779"],[0.7777777777777778,"#6ece58"],[0.8888888888888888,"#b5de2b"],[1.0,"#fde725"]],"type":"heatmap"}],"histogram2dcontour":[{"colorbar":{"outlinewidth":1,"tickcolor":"rgb(36,36,36)","ticks":"outside"},"colorscale":[[0.0,"#440154"],[0.1111111111111111,"#482878"],[0.2222222222222222,"#3e4989"],[0.3333333333333333,"#31688e"],[0.4444444444444444,"#26828e"],[0.5555555555555556,"#1f9e89"],[0.6666666666666666,"#35b779"],[0.7777777777777778,"#6ece58"],[0.8888888888888888,"#b5de2b"],[1.0,"#fde725"]],"type":"histogram2dcontour"}],"histogram2d":[{"colorbar":{"outlinewidth":1,"tickcolor":"rgb(36,36,36)","ticks":"outside"},"colorscale":[[0.0,"#440154"],[0.1111111111111111,"#482878"],[0.2222222222222222,"#3e4989"],[0.3333333333333333,"#31688e"],[0.4444444444444444,"#26828e"],[0.5555555555555556,"#1f9e89"],[0.6666666666666666,"#35b779"],[0.7777777777777778,"#6ece58"],[0.8888888888888888,"#b5de2b"],[1.0,"#fde725"]],"type":"histogram2d"}],"histogram":[{"marker":{"line":{"color":"white","width":0.6}},"type":"histogram"}],"mesh3d":[{"colorbar":{"outlinewidth":1,"tickcolor":"rgb(36,36,36)","ticks":"outside"},"type":"mesh3d"}],"parcoords":[{"line":{"colorbar":{"outlinewidth":1,"tickcolor":"rgb(36,36,36)","ticks":"outside"}},"type":"parcoords"}],"pie":[{"automargin":true,"type":"pie"}],"scatter3d":[{"line":{"colorbar":{"outlinewidth":1,"tickcolor":"rgb(36,36,36)","ticks":"outside"}},"marker":{"colorbar":{"outlinewidth":1,"tickcolor":"rgb(36,36,36)","ticks":"outside"}},"type":"scatter3d"}],"scattercarpet":[{"marker":{"colorbar":{"outlinewidth":1,"tickcolor":"rgb(36,36,36)","ticks":"outside"}},"type":"scattercarpet"}],"scattergeo":[{"marker":{"colorbar":{"outlinewidth":1,"tickcolor":"rgb(36,36,36)","ticks":"outside"}},"type":"scattergeo"}],"scattergl":[{"marker":{"colorbar":{"outlinewidth":1,"tickcolor":"rgb(36,36,36)","ticks":"outside"}},"type":"scattergl"}],"scattermapbox":[{"marker":{"colorbar":{"outlinewidth":1,"tickcolor":"rgb(36,36,36)","ticks":"outside"}},"type":"scattermapbox"}],"scatterpolargl":[{"marker":{"colorbar":{"outlinewidth":1,"tickcolor":"rgb(36,36,36)","ticks":"outside"}},"type":"scatterpolargl"}],"scatterpolar":[{"marker":{"colorbar":{"outlinewidth":1,"tickcolor":"rgb(36,36,36)","ticks":"outside"}},"type":"scatterpolar"}],"scatter":[{"fillpattern":{"fillmode":"overlay","size":10,"solidity":0.2},"type":"scatter"}],"scatterternary":[{"marker":{"colorbar":{"outlinewidth":1,"tickcolor":"rgb(36,36,36)","ticks":"outside"}},"type":"scatterternary"}],"surface":[{"colorbar":{"outlinewidth":1,"tickcolor":"rgb(36,36,36)","ticks":"outside"},"colorscale":[[0.0,"#440154"],[0.1111111111111111,"#482878"],[0.2222222222222222,"#3e4989"],[0.3333333333333333,"#31688e"],[0.4444444444444444,"#26828e"],[0.5555555555555556,"#1f9e89"],[0.6666666666666666,"#35b779"],[0.7777777777777778,"#6ece58"],[0.8888888888888888,"#b5de2b"],[1.0,"#fde725"]],"type":"surface"}],"table":[{"cells":{"fill":{"color":"rgb(237,237,237)"},"line":{"color":"white"}},"header":{"fill":{"color":"rgb(217,217,217)"},"line":{"color":"white"}},"type":"table"}]},"layout":{"annotationdefaults":{"arrowhead":0,"arrowwidth":1},"autotypenumbers":"strict","coloraxis":{"colorbar":{"outlinewidth":1,"tickcolor":"rgb(36,36,36)","ticks":"outside"}},"colorscale":{"diverging":[[0.0,"rgb(103,0,31)"],[0.1,"rgb(178,24,43)"],[0.2,"rgb(214,96,77)"],[0.3,"rgb(244,165,130)"],[0.4,"rgb(253,219,199)"],[0.5,"rgb(247,247,247)"],[0.6,"rgb(209,229,240)"],[0.7,"rgb(146,197,222)"],[0.8,"rgb(67,147,195)"],[0.9,"rgb(33,102,172)"],[1.0,"rgb(5,48,97)"]],"sequential":[[0.0,"#440154"],[0.1111111111111111,"#482878"],[0.2222222222222222,"#3e4989"],[0.3333333333333333,"#31688e"],[0.4444444444444444,"#26828e"],[0.5555555555555556,"#1f9e89"],[0.6666666666666666,"#35b779"],[0.7777777777777778,"#6ece58"],[0.8888888888888888,"#b5de2b"],[1.0,"#fde725"]],"sequentialminus":[[0.0,"#440154"],[0.1111111111111111,"#482878"],[0.2222222222222222,"#3e4989"],[0.3333333333333333,"#31688e"],[0.4444444444444444,"#26828e"],[0.5555555555555556,"#1f9e89"],[0.6666666666666666,"#35b779"],[0.7777777777777778,"#6ece58"],[0.8888888888888888,"#b5de2b"],[1.0,"#fde725"]]},"colorway":["#1F77B4","#FF7F0E","#2CA02C","#D62728","#9467BD","#8C564B","#E377C2","#7F7F7F","#BCBD22","#17BECF"],"font":{"color":"rgb(36,36,36)"},"geo":{"bgcolor":"white","lakecolor":"white","landcolor":"white","showlakes":true,"showland":true,"subunitcolor":"white"},"hoverlabel":{"align":"left"},"hovermode":"closest","mapbox":{"style":"light"},"paper_bgcolor":"white","plot_bgcolor":"white","polar":{"angularaxis":{"gridcolor":"rgb(232,232,232)","linecolor":"rgb(36,36,36)","showgrid":false,"showline":true,"ticks":"outside"},"bgcolor":"white","radialaxis":{"gridcolor":"rgb(232,232,232)","linecolor":"rgb(36,36,36)","showgrid":false,"showline":true,"ticks":"outside"}},"scene":{"xaxis":{"backgroundcolor":"white","gridcolor":"rgb(232,232,232)","gridwidth":2,"linecolor":"rgb(36,36,36)","showbackground":true,"showgrid":false,"showline":true,"ticks":"outside","zeroline":false,"zerolinecolor":"rgb(36,36,36)"},"yaxis":{"backgroundcolor":"white","gridcolor":"rgb(232,232,232)","gridwidth":2,"linecolor":"rgb(36,36,36)","showbackground":true,"showgrid":false,"showline":true,"ticks":"outside","zeroline":false,"zerolinecolor":"rgb(36,36,36)"},"zaxis":{"backgroundcolor":"white","gridcolor":"rgb(232,232,232)","gridwidth":2,"linecolor":"rgb(36,36,36)","showbackground":true,"showgrid":false,"showline":true,"ticks":"outside","zeroline":false,"zerolinecolor":"rgb(36,36,36)"}},"shapedefaults":{"fillcolor":"black","line":{"width":0},"opacity":0.3},"ternary":{"aaxis":{"gridcolor":"rgb(232,232,232)","linecolor":"rgb(36,36,36)","showgrid":false,"showline":true,"ticks":"outside"},"baxis":{"gridcolor":"rgb(232,232,232)","linecolor":"rgb(36,36,36)","showgrid":false,"showline":true,"ticks":"outside"},"bgcolor":"white","caxis":{"gridcolor":"rgb(232,232,232)","linecolor":"rgb(36,36,36)","showgrid":false,"showline":true,"ticks":"outside"}},"title":{"x":0.05},"xaxis":{"automargin":true,"gridcolor":"rgb(232,232,232)","linecolor":"rgb(36,36,36)","showgrid":false,"showline":true,"ticks":"outside","title":{"standoff":15},"zeroline":false,"zerolinecolor":"rgb(36,36,36)"},"yaxis":{"automargin":true,"gridcolor":"rgb(232,232,232)","linecolor":"rgb(36,36,36)","showgrid":false,"showline":true,"ticks":"outside","title":{"standoff":15},"zeroline":false,"zerolinecolor":"rgb(36,36,36)"}}},"title":{"text":"PeakMap","font":{"family":"Helvetica","size":18}},"xaxis":{"title":{"text":"Retention Time","font":{"family":"Helvetica","size":16}},"tickfont":{"size":14,"family":"Helvetica"},"gridcolor":"#CCCCCC","showgrid":true,"showline":true,"linewidth":1,"linecolor":"black","ticks":"outside","tickwidth":1,"tickcolor":"black"},"yaxis":{"title":{"text":"mass-to-charge","font":{"family":"Helvetica","size":16}},"tickfont":{"size":14,"family":"Helvetica"},"gridcolor":"#CCCCCC","showgrid":true,"showline":true,"linewidth":1,"linecolor":"black","tickwidth":1,"tickcolor":"black"},"width":500,"height":500,"dragmode":"select","scene":{"xaxis":{"title":{"text":"Retention Time"},"nticks":4,"gridcolor":"rgb(255, 255, 255)","zerolinecolor":"rgb(255, 255, 255)"},"yaxis":{"title":{"text":"mass-to-charge"},"nticks":4,"gridcolor":"rgb(255, 255, 255)","zerolinecolor":"rgb(255, 255, 255)"},"zaxis":{"title":{"text":"Intensity"},"nticks":4,"gridcolor":"rgb(255, 255, 255)","zerolinecolor":"rgb(255, 255, 255)"},"camera":{"up":{"x":0,"y":0,"z":1},"center":{"x":0,"y":0,"z":0},"eye":{"x":1.25,"y":1.8,"z":1.25}}},"legend":{"font":{"size":10,"family":"Helvetica"},"title":{"text":"Trace"}},"showlegend":true,"font":{"family":"Helvetica"},"plot_bgcolor":"#FFFFFF","modebar":{"add":["drawrect","eraseshape"]},"newshape":{"label":{"texttemplate":"x0: %{x0:.2f} | x1: %{x1:.2f}\u003cbr\u003ey0: %{y0:.2f} | y1: %{y1:.2f}","textposition":"top left"},"line":{"color":"#F02D1A","dash":"dash"},"showlegend":true,"opacity":0.5}},                        {"responsive": true}                    )                };                            </script>        </div>
    </div>
    <br />
    <br />

.. code-block:: Python


    import pandas as pd
    from pyopenms_viz.util import download_file

    pd.options.plotting.backend = "ms_plotly"

    # GitHub raw URL (primary) with Zenodo as backup
    url = "https://raw.githubusercontent.com/OpenMS/pyopenms_viz/main/test/test_data/ionMobilityTestFeatureDf.tsv"
    backup_url = (
        "https://zenodo.org/records/17904352/files/ionMobilityTestFeatureDf.tsv?download=1"
    )
    local_path = "ionMobilityTestFeatureDf.tsv"
    download_file(url, local_path, backup_url=backup_url)
    df = pd.read_csv(local_path, sep="\t")

    # Code to plot a peakmap
    df.plot(
        kind="peakmap", x="rt", y="mz", z="int", aggregate_duplicates=True, plot_3d=True
    )


.. rst-class:: sphx-glr-timing

   **Total running time of the script:** (0 minutes 0.095 seconds)


.. _sphx_glr_download_gallery_ms_plotly_plot_peakmap_3D_ms_plotly.py:

.. only:: html

  .. container:: sphx-glr-footer sphx-glr-footer-example

    .. container:: binder-badge

      .. image:: images/binder_badge_logo.svg
        :target: https://notebooks.gesis.org/binder/v2/gh/OpenMS/pyopenms_viz/gh_pages?filepath=notebooks/gallery/ms_plotly/plot_peakmap_3D_ms_plotly.ipynb
        :alt: Launch binder
        :width: 150 px

    .. container:: sphx-glr-download sphx-glr-download-jupyter

      :download:`Download Jupyter notebook: plot_peakmap_3D_ms_plotly.ipynb <plot_peakmap_3D_ms_plotly.ipynb>`

    .. container:: sphx-glr-download sphx-glr-download-python

      :download:`Download Python source code: plot_peakmap_3D_ms_plotly.py <plot_peakmap_3D_ms_plotly.py>`

    .. container:: sphx-glr-download sphx-glr-download-zip

      :download:`Download zipped: plot_peakmap_3D_ms_plotly.zip <plot_peakmap_3D_ms_plotly.zip>`


.. only:: html

 .. rst-class:: sphx-glr-signature

    `Gallery generated by Sphinx-Gallery <https://sphinx-gallery.github.io>`_
